0.000000 
0.100000 
0.000000 
0.100000 
0.000000 
0.100000 
0.000000 
0.100000 
0.000000 
0.100000 
0.000000 
0.100000 
0.000000 
0.100000 
0.000000 
0.100000 
0.000000 
0.000000 
0.015956 
0.069338 
0.010849 
0.080530 
0.006085 
0.082204 
0.003144 
0.082393 
0.001292 
0.079737 
0.001839 
0.066224 
0.000000 
0.000000 
0.000000 
0.000000 
-0.001459 
0.043550 
0.003241 
0.063824 
0.002559 
0.065694 
0.001947 
0.065754 
0.002353 
0.062898 
0.002855 
0.045802 
0.000000 
0.000000 
0.000000 
0.000000 
-0.002720 
0.030824 
0.000083 
0.049691 
0.001175 
0.053925 
0.001029 
0.053048 
0.001669 
0.048539 
0.002795 
0.032551 
0.000000 
0.000000 
0.000000 
0.000000 
-0.003297 
0.021917 
-0.001444 
0.038325 
0.000757 
0.045068 
0.001608 
0.044395 
0.002208 
0.038159 
0.002670 
0.023160 
0.000000 
0.000000 
0.000000 
0.000000 
-0.003691 
0.015164 
-0.003333 
0.026626 
-0.000318 
0.034341 
0.002334 
0.035049 
0.003612 
0.028774 
0.003274 
0.016285 
0.000000 
0.000000 
0.000000 
0.000000 
-0.003548 
0.009688 
-0.003736 
0.016750 
-0.001592 
0.021338 
0.001532 
0.022171 
0.003777 
0.018602 
0.003595 
0.010779 
0.000000 
0.000000 
0.000000 
0.000000 
-0.002730 
0.004825 
-0.002942 
0.007951 
-0.001476 
0.009923 
0.000788 
0.010340 
0.002700 
0.008954 
0.002987 
0.005725 
0.000000 
0.000000 
0.000000 
0.000000 
0.000000 
0.000000 
0.000000 
0.000000 
0.000000 
0.000000 
0.000000 
0.000000 
0.000000 
0.000000 
0.000000 
0.000000 
0.000000 
0.000000 
