 1
    1  0.000000e+00    1  0.100000e+00
 2
    1  0.000000e+00    1  0.100000e+00
 3
    1  0.000000e+00    1  0.100000e+00
 4
    1  0.000000e+00    1  0.100000e+00
 5
    1  0.000000e+00    1  0.100000e+00
 6
    1  0.000000e+00    1  0.100000e+00
 7
    1  0.000000e+00    1  0.100000e+00
 8
    1  0.000000e+00    1  0.100000e+00
 16
    1  0.000000e+00    1  0.000000e+00
 24
    1  0.000000e+00    1  0.000000e+00
 32
    1  0.000000e+00    1  0.000000e+00
 40
    1  0.000000e+00    1  0.000000e+00
 48
    1  0.000000e+00    1  0.000000e+00
 56
    1  0.000000e+00    1  0.000000e+00
 64
    1  0.000000e+00    1  0.000000e+00
 72
    1  0.000000e+00    1  0.000000e+00
 9
    1  0.000000e+00    1  0.000000e+00
 17
    1  0.000000e+00    1  0.000000e+00
 25
    1  0.000000e+00    1  0.000000e+00
 33
    1  0.000000e+00    1  0.000000e+00
 41
    1  0.000000e+00    1  0.000000e+00
 49
    1  0.000000e+00    1  0.000000e+00
 57
    1  0.000000e+00    1  0.000000e+00
 65
    1  0.000000e+00    1  0.000000e+00
 66
    1  0.000000e+00    1  0.000000e+00
 67
    1  0.000000e+00    1  0.000000e+00
 68
    1  0.000000e+00    1  0.000000e+00
 69
    1  0.000000e+00    1  0.000000e+00
 70
    1  0.000000e+00    1  0.000000e+00
 71
    1  0.000000e+00    1  0.000000e+00
