1  1   10   9
2  1   2   10
3  2   11   10
4  2   3   11
5  3   12   11
6  3   4   12
7  4   13   12
8  4   5   13
9  5   14   13
10  5   6   14
11  6   15   14
12  6   7   15
13  7   16   15
14  7   8   16
15  9   18   17
16  9   10   18
17  10   19   18
18  10   11   19
19  11   20   19
20  11   12   20
21  12   21   20
22  12   13   21
23  13   22   21
24  13   14   22
25  14   23   22
26  14   15   23
27  15   24   23
28  15   16   24
29  17   26   25
30  17   18   26
31  18   27   26
32  18   19   27
33  19   28   27
34  19   20   28
35  20   29   28
36  20   21   29
37  21   30   29
38  21   22   30
39  22   31   30
40  22   23   31
41  23   32   31
42  23   24   32
43  25   34   33
44  25   26   34
45  26   35   34
46  26   27   35
47  27   36   35
48  27   28   36
49  28   37   36
50  28   29   37
51  29   38   37
52  29   30   38
53  30   39   38
54  30   31   39
55  31   40   39
56  31   32   40
57  33   42   41
58  33   34   42
59  34   43   42
60  34   35   43
61  35   44   43
62  35   36   44
63  36   45   44
64  36   37   45
65  37   46   45
66  37   38   46
67  38   47   46
68  38   39   47
69  39   48   47
70  39   40   48
71  41   50   49
72  41   42   50
73  42   51   50
74  42   43   51
75  43   52   51
76  43   44   52
77  44   53   52
78  44   45   53
79  45   54   53
80  45   46   54
81  46   55   54
82  46   47   55
83  47   56   55
84  47   48   56
85  49   58   57
86  49   50   58
87  50   59   58
88  50   51   59
89  51   60   59
90  51   52   60
91  52   61   60
92  52   53   61
93  53   62   61
94  53   54   62
95  54   63   62
96  54   55   63
97  55   64   63
98  55   56   64
99  57   66   65
100  57   58   66
101  58   67   66
102  58   59   67
103  59   68   67
104  59   60   68
105  60   69   68
106  60   61   69
107  61   70   69
108  61   62   70
109  62   71   70
110  62   63   71
111  63   72   71
112  63   64   72
