   1  0.000000e+00   0.000000e+00
   2  1.000000e+00   0.000000e+00
   3  2.000000e+00   0.000000e+00
   4  3.000000e+00   0.000000e+00
   5  4.000000e+00   0.000000e+00
   6  5.000000e+00   0.000000e+00
   7  6.000000e+00   0.000000e+00
   8  7.000000e+00   0.000000e+00
   9  0.000000e+00   1.000000e+00
  10  1.000000e+00   1.000000e+00
  11  2.000000e+00   1.000000e+00
  12  3.000000e+00   1.000000e+00
  13  4.000000e+00   1.000000e+00
  14  5.000000e+00   1.000000e+00
  15  6.000000e+00   1.000000e+00
  16  7.000000e+00   1.000000e+00
  17  0.000000e+00   2.000000e+00
  18  1.000000e+00   2.000000e+00
  19  2.000000e+00   2.000000e+00
  20  3.000000e+00   2.000000e+00
  21  4.000000e+00   2.000000e+00
  22  5.000000e+00   2.000000e+00
  23  6.000000e+00   2.000000e+00
  24  7.000000e+00   2.000000e+00
  25  0.000000e+00   3.000000e+00
  26  1.000000e+00   3.000000e+00
  27  2.000000e+00   3.000000e+00
  28  3.000000e+00   3.000000e+00
  29  4.000000e+00   3.000000e+00
  30  5.000000e+00   3.000000e+00
  31  6.000000e+00   3.000000e+00
  32  7.000000e+00   3.000000e+00
  33  0.000000e+00   4.000000e+00
  34  1.000000e+00   4.000000e+00
  35  2.000000e+00   4.000000e+00
  36  3.000000e+00   4.000000e+00
  37  4.000000e+00   4.000000e+00
  38  5.000000e+00   4.000000e+00
  39  6.000000e+00   4.000000e+00
  40  7.000000e+00   4.000000e+00
  41  0.000000e+00   5.000000e+00
  42  1.000000e+00   5.000000e+00
  43  2.000000e+00   5.000000e+00
  44  3.000000e+00   5.000000e+00
  45  4.000000e+00   5.000000e+00
  46  5.000000e+00   5.000000e+00
  47  6.000000e+00   5.000000e+00
  48  7.000000e+00   5.000000e+00
  49  0.000000e+00   6.000000e+00
  50  1.000000e+00   6.000000e+00
  51  2.000000e+00   6.000000e+00
  52  3.000000e+00   6.000000e+00
  53  4.000000e+00   6.000000e+00
  54  5.000000e+00   6.000000e+00
  55  6.000000e+00   6.000000e+00
  56  7.000000e+00   6.000000e+00
  57  0.000000e+00   7.000000e+00
  58  1.000000e+00   7.000000e+00
  59  2.000000e+00   7.000000e+00
  60  3.000000e+00   7.000000e+00
  61  4.000000e+00   7.000000e+00
  62  5.000000e+00   7.000000e+00
  63  6.000000e+00   7.000000e+00
  64  7.000000e+00   7.000000e+00
  65  0.000000e+00   8.000000e+00
  66  1.000000e+00   8.000000e+00
  67  2.000000e+00   8.000000e+00
  68  3.000000e+00   8.000000e+00
  69  4.000000e+00   8.000000e+00
  70  5.000000e+00   8.000000e+00
  71  6.000000e+00   8.000000e+00
  72  7.000000e+00   8.000000e+00
