 1
    0  0.000000e+00    1  2.000000e-01   0  0.000000e+00
 2
    0  0.000000e+00    1  2.000000e-01   0  0.000000e+00
 3
    0  0.000000e+00    1  2.000000e-01   0  0.000000e+00
 4
    0  0.000000e+00    1  2.000000e-01   0  0.000000e+00
 5
    0  0.000000e+00    1  2.000000e-01   0  0.000000e+00
 6
    0  0.000000e+00    1  2.000000e-01   0  0.000000e+00
 7
    0  0.000000e+00    1  2.000000e-01   0  0.000000e+00
 8
    0  0.000000e+00    1  2.000000e-01   0  0.000000e+00
 9
    0  0.000000e+00    1  2.000000e-01   0  0.000000e+00
 10
    0  0.000000e+00    1  2.000000e-01   0  0.000000e+00
 11
    0  0.000000e+00    1  2.000000e-01   0  0.000000e+00
 12
    0  0.000000e+00    1  2.000000e-01   0  0.000000e+00
 13
    0  0.000000e+00    1  2.000000e-01   0  0.000000e+00
 14
    0  0.000000e+00    1  2.000000e-01   0  0.000000e+00
 15
    0  0.000000e+00    1  2.000000e-01   0  0.000000e+00
 16
    0  0.000000e+00    1  2.000000e-01   0  0.000000e+00
 17
    0  0.000000e+00    1  2.000000e-01   0  0.000000e+00
 18
    0  0.000000e+00    1  2.000000e-01   0  0.000000e+00
 19
    0  0.000000e+00    1  2.000000e-01   0  0.000000e+00
 20
    0  0.000000e+00    1  2.000000e-01   0  0.000000e+00
 21
    0  0.000000e+00    1  2.000000e-01   0  0.000000e+00
 22
    0  0.000000e+00    1  2.000000e-01   0  0.000000e+00
 23
    0  0.000000e+00    1  2.000000e-01   0  0.000000e+00
 24
    0  0.000000e+00    1  2.000000e-01   0  0.000000e+00
 25
    0  0.000000e+00    1  2.000000e-01   0  0.000000e+00
 26
    0  0.000000e+00    1  2.000000e-01   0  0.000000e+00
 27
    0  0.000000e+00    1  2.000000e-01   0  0.000000e+00
 28
    0  0.000000e+00    1  2.000000e-01   0  0.000000e+00
 29
    0  0.000000e+00    1  2.000000e-01   0  0.000000e+00
 30
    0  0.000000e+00    1  2.000000e-01   0  0.000000e+00
 31
    0  0.000000e+00    1  2.000000e-01   0  0.000000e+00
 32
    0  0.000000e+00    1  2.000000e-01   0  0.000000e+00
 33
    0  0.000000e+00    1  2.000000e-01   0  0.000000e+00
 34
    0  0.000000e+00    1  2.000000e-01   0  0.000000e+00
 35
    0  0.000000e+00    1  2.000000e-01   0  0.000000e+00
 36
    0  0.000000e+00    1  2.000000e-01   0  0.000000e+00
 37
    0  0.000000e+00    1  2.000000e-01   0  0.000000e+00
 38
    0  0.000000e+00    1  2.000000e-01   0  0.000000e+00
 39
    0  0.000000e+00    1  2.000000e-01   0  0.000000e+00
 40
    0  0.000000e+00    1  2.000000e-01   0  0.000000e+00
 41
    0  0.000000e+00    1  2.000000e-01   0  0.000000e+00
 42
    0  0.000000e+00    1  2.000000e-01   0  0.000000e+00
 43
    0  0.000000e+00    1  2.000000e-01   0  0.000000e+00
 44
    0  0.000000e+00    1  2.000000e-01   0  0.000000e+00
 45
    0  0.000000e+00    1  2.000000e-01   0  0.000000e+00
 46
    0  0.000000e+00    1  2.000000e-01   0  0.000000e+00
 47
    0  0.000000e+00    1  2.000000e-01   0  0.000000e+00
 48
    0  0.000000e+00    1  2.000000e-01   0  0.000000e+00
 49
    0  0.000000e+00    1  2.000000e-01   0  0.000000e+00
 50
    1  0.000000e+00    1  2.000000e-01   0  0.000000e+00
 51
    0  0.000000e+00    1  2.000000e-01   0  0.000000e+00
 52
    0  0.000000e+00    1  2.000000e-01   0  0.000000e+00
 53
    0  0.000000e+00    1  2.000000e-01   0  0.000000e+00
 54
    0  0.000000e+00    1  2.000000e-01   0  0.000000e+00
 55
    0  0.000000e+00    1  2.000000e-01   0  0.000000e+00
 56
    0  0.000000e+00    1  2.000000e-01   0  0.000000e+00
 57
    0  0.000000e+00    1  2.000000e-01   0  0.000000e+00
 58
    0  0.000000e+00    1  2.000000e-01   0  0.000000e+00
 59
    0  0.000000e+00    1  2.000000e-01   0  0.000000e+00
 60
    0  0.000000e+00    1  2.000000e-01   0  0.000000e+00
 61
    0  0.000000e+00    1  2.000000e-01   0  0.000000e+00
 62
    0  0.000000e+00    1  2.000000e-01   0  0.000000e+00
 63
    0  0.000000e+00    1  2.000000e-01   0  0.000000e+00
 64
    0  0.000000e+00    1  2.000000e-01   0  0.000000e+00
 65
    0  0.000000e+00    1  2.000000e-01   0  0.000000e+00
 66
    0  0.000000e+00    1  2.000000e-01   0  0.000000e+00
 67
    0  0.000000e+00    1  2.000000e-01   0  0.000000e+00
 68
    0  0.000000e+00    1  2.000000e-01   0  0.000000e+00
 69
    0  0.000000e+00    1  2.000000e-01   0  0.000000e+00
 70
    0  0.000000e+00    1  2.000000e-01   0  0.000000e+00
 71
    0  0.000000e+00    1  2.000000e-01   0  0.000000e+00
 72
    0  0.000000e+00    1  2.000000e-01   0  0.000000e+00
 73
    0  0.000000e+00    1  2.000000e-01   0  0.000000e+00
 74
    0  0.000000e+00    1  2.000000e-01   0  0.000000e+00
 75
    0  0.000000e+00    1  2.000000e-01   0  0.000000e+00
 76
    0  0.000000e+00    1  2.000000e-01   0  0.000000e+00
 77
    0  0.000000e+00    1  2.000000e-01   0  0.000000e+00
 78
    0  0.000000e+00    1  2.000000e-01   0  0.000000e+00
 79
    0  0.000000e+00    1  2.000000e-01   0  0.000000e+00
 80
    0  0.000000e+00    1  2.000000e-01   0  0.000000e+00
 81
    0  0.000000e+00    1  2.000000e-01   0  0.000000e+00
 82
    0  0.000000e+00    1  2.000000e-01   0  0.000000e+00
 83
    0  0.000000e+00    1  2.000000e-01   0  0.000000e+00
 84
    0  0.000000e+00    1  2.000000e-01   0  0.000000e+00
 85
    0  0.000000e+00    1  2.000000e-01   0  0.000000e+00
 86
    0  0.000000e+00    1  2.000000e-01   0  0.000000e+00
 87
    0  0.000000e+00    1  2.000000e-01   0  0.000000e+00
 88
    0  0.000000e+00    1  2.000000e-01   0  0.000000e+00
 89
    0  0.000000e+00    1  2.000000e-01   0  0.000000e+00
 90
    0  0.000000e+00    1  2.000000e-01   0  0.000000e+00
 91
    0  0.000000e+00    1  2.000000e-01   0  0.000000e+00
 92
    0  0.000000e+00    1  2.000000e-01   0  0.000000e+00
 93
    0  0.000000e+00    1  2.000000e-01   0  0.000000e+00
 94
    0  0.000000e+00    1  2.000000e-01   0  0.000000e+00
 95
    0  0.000000e+00    1  2.000000e-01   0  0.000000e+00
 96
    0  0.000000e+00    1  2.000000e-01   0  0.000000e+00
 97
    0  0.000000e+00    1  2.000000e-01   0  0.000000e+00
 98
    0  0.000000e+00    1  2.000000e-01   0  0.000000e+00
 99
    0  0.000000e+00    1  2.000000e-01   0  0.000000e+00
 100
    0  0.000000e+00    1  2.000000e-01    0  0.000000e+00
 10000
    0  0.000000e+00    1  0.000000e+00    0  0.000000e+00
 9901
    0  0.000000e+00    1  0.000000e+00    0  0.000000e+00
 9902
    0  0.000000e+00    1  0.000000e+00    0  0.000000e+00
 9903
    0  0.000000e+00    1  0.000000e+00    0  0.000000e+00
 9904
    0  0.000000e+00    1  0.000000e+00    0  0.000000e+00
 9905
    0  0.000000e+00    1  0.000000e+00    0  0.000000e+00
 9906
    0  0.000000e+00    1  0.000000e+00    0  0.000000e+00
 9907
    0  0.000000e+00    1  0.000000e+00    0  0.000000e+00
 9908
    0  0.000000e+00    1  0.000000e+00    0  0.000000e+00
 9909
    0  0.000000e+00    1  0.000000e+00    0  0.000000e+00
 9910
    0  0.000000e+00    1  0.000000e+00    0  0.000000e+00
 9911
    0  0.000000e+00    1  0.000000e+00    0  0.000000e+00
 9912
    0  0.000000e+00    1  0.000000e+00    0  0.000000e+00
 9913
    0  0.000000e+00    1  0.000000e+00    0  0.000000e+00
 9914
    0  0.000000e+00    1  0.000000e+00    0  0.000000e+00
 9915
    0  0.000000e+00    1  0.000000e+00    0  0.000000e+00
 9916
    0  0.000000e+00    1  0.000000e+00    0  0.000000e+00
 9917
    0  0.000000e+00    1  0.000000e+00    0  0.000000e+00
 9918
    0  0.000000e+00    1  0.000000e+00    0  0.000000e+00
 9919
    0  0.000000e+00    1  0.000000e+00    0  0.000000e+00
 9920
    0  0.000000e+00    1  0.000000e+00    0  0.000000e+00
 9921
    0  0.000000e+00    1  0.000000e+00    0  0.000000e+00
 9922
    0  0.000000e+00    1  0.000000e+00    0  0.000000e+00
 9923
    0  0.000000e+00    1  0.000000e+00    0  0.000000e+00
 9924
    0  0.000000e+00    1  0.000000e+00    0  0.000000e+00
 9925
    0  0.000000e+00    1  0.000000e+00    0  0.000000e+00
 9926
    0  0.000000e+00    1  0.000000e+00    0  0.000000e+00
 9927
    0  0.000000e+00    1  0.000000e+00    0  0.000000e+00
 9928
    0  0.000000e+00    1  0.000000e+00    0  0.000000e+00
 9929
    0  0.000000e+00    1  0.000000e+00    0  0.000000e+00
 9930
    0  0.000000e+00    1  0.000000e+00    0  0.000000e+00
 9931
    0  0.000000e+00    1  0.000000e+00    0  0.000000e+00
 9932
    0  0.000000e+00    1  0.000000e+00    0  0.000000e+00
 9933
    0  0.000000e+00    1  0.000000e+00    0  0.000000e+00
 9934
    0  0.000000e+00    1  0.000000e+00    0  0.000000e+00
 9935
    0  0.000000e+00    1  0.000000e+00    0  0.000000e+00
 9936
    0  0.000000e+00    1  0.000000e+00    0  0.000000e+00
 9937
    0  0.000000e+00    1  0.000000e+00    0  0.000000e+00
 9938
    0  0.000000e+00    1  0.000000e+00    0  0.000000e+00
 9939
    0  0.000000e+00    1  0.000000e+00    0  0.000000e+00
 9940
    0  0.000000e+00    1  0.000000e+00    0  0.000000e+00
 9941
    0  0.000000e+00    1  0.000000e+00    0  0.000000e+00
 9942
    0  0.000000e+00    1  0.000000e+00    0  0.000000e+00
 9943
    0  0.000000e+00    1  0.000000e+00    0  0.000000e+00
 9944
    0  0.000000e+00    1  0.000000e+00    0  0.000000e+00
 9945
    0  0.000000e+00    1  0.000000e+00    0  0.000000e+00
 9946
    0  0.000000e+00    1  0.000000e+00    0  0.000000e+00
 9947
    0  0.000000e+00    1  0.000000e+00    0  0.000000e+00
 9948
    0  0.000000e+00    1  0.000000e+00    0  0.000000e+00
 9949
    0  0.000000e+00    1  0.000000e+00    0  0.000000e+00
 9950
    0  0.000000e+00    1  0.000000e+00    0  0.000000e+00
 9951
    0  0.000000e+00    1  0.000000e+00    0  0.000000e+00
 9952
    0  0.000000e+00    1  0.000000e+00    0  0.000000e+00
 9953
    0  0.000000e+00    1  0.000000e+00    0  0.000000e+00
 9954
    0  0.000000e+00    1  0.000000e+00    0  0.000000e+00
 9955
    0  0.000000e+00    1  0.000000e+00    0  0.000000e+00
 9956
    0  0.000000e+00    1  0.000000e+00    0  0.000000e+00
 9957
    0  0.000000e+00    1  0.000000e+00    0  0.000000e+00
 9958
    0  0.000000e+00    1  0.000000e+00    0  0.000000e+00
 9959
    0  0.000000e+00    1  0.000000e+00    0  0.000000e+00
 9960
    0  0.000000e+00    1  0.000000e+00    0  0.000000e+00
 9961
    0  0.000000e+00    1  0.000000e+00    0  0.000000e+00
 9962
    0  0.000000e+00    1  0.000000e+00    0  0.000000e+00
 9963
    0  0.000000e+00    1  0.000000e+00    0  0.000000e+00
 9964
    0  0.000000e+00    1  0.000000e+00    0  0.000000e+00
 9965
    0  0.000000e+00    1  0.000000e+00    0  0.000000e+00
 9966
    0  0.000000e+00    1  0.000000e+00    0  0.000000e+00
 9967
    0  0.000000e+00    1  0.000000e+00    0  0.000000e+00
 9968
    0  0.000000e+00    1  0.000000e+00    0  0.000000e+00
 9969
    0  0.000000e+00    1  0.000000e+00    0  0.000000e+00
 9970
    0  0.000000e+00    1  0.000000e+00    0  0.000000e+00
 9971
    0  0.000000e+00    1  0.000000e+00    0  0.000000e+00
 9972
    0  0.000000e+00    1  0.000000e+00    0  0.000000e+00
 9973
    0  0.000000e+00    1  0.000000e+00    0  0.000000e+00
 9974
    0  0.000000e+00    1  0.000000e+00    0  0.000000e+00
 9975
    0  0.000000e+00    1  0.000000e+00    0  0.000000e+00
 9976
    0  0.000000e+00    1  0.000000e+00    0  0.000000e+00
 9977
    0  0.000000e+00    1  0.000000e+00    0  0.000000e+00
 9978
    0  0.000000e+00    1  0.000000e+00    0  0.000000e+00
 9979
    0  0.000000e+00    1  0.000000e+00    0  0.000000e+00
 9980
    0  0.000000e+00    1  0.000000e+00    0  0.000000e+00
 9981
    0  0.000000e+00    1  0.000000e+00    0  0.000000e+00
 9982
    0  0.000000e+00    1  0.000000e+00    0  0.000000e+00
 9983
    0  0.000000e+00    1  0.000000e+00    0  0.000000e+00
 9984
    0  0.000000e+00    1  0.000000e+00    0  0.000000e+00
 9985
    0  0.000000e+00    1  0.000000e+00    0  0.000000e+00
 9986
    0  0.000000e+00    1  0.000000e+00    0  0.000000e+00
 9987
    0  0.000000e+00    1  0.000000e+00    0  0.000000e+00
 9988
    0  0.000000e+00    1  0.000000e+00    0  0.000000e+00
 9989
    0  0.000000e+00    1  0.000000e+00    0  0.000000e+00
 9990
    0  0.000000e+00    1  0.000000e+00    0  0.000000e+00
 9991
    0  0.000000e+00    1  0.000000e+00    0  0.000000e+00
 9992
    0  0.000000e+00    1  0.000000e+00    0  0.000000e+00
 9993
    0  0.000000e+00    1  0.000000e+00    0  0.000000e+00
 9994
    0  0.000000e+00    1  0.000000e+00    0  0.000000e+00
 9995
    0  0.000000e+00    1  0.000000e+00    0  0.000000e+00
 9996
    0  0.000000e+00    1  0.000000e+00    0  0.000000e+00
 9997
    0  0.000000e+00    1  0.000000e+00    0  0.000000e+00
 9998
    0  0.000000e+00    1  0.000000e+00    0  0.000000e+00
 9999
    0  0.000000e+00    1  0.000000e+00    0  0.000000e+00
