6.2283967876321075e-06 213.1858275914519
4.223297770899003e-06 235.76388794262218
3.970389068456337e-06 322.33351652879577
3.6129600073154493e-06 236.49362587941576
3.5531197472466366e-06 199.80121136583332
3.515322882281842e-06 176.9788606620204
3.484271673574372e-06 148.09078241891271
3.45429384422552e-06 126.3567921600287
3.4291835034974723e-06 103.72005187689551
3.4060381791195314e-06 88.829306150330297
3.3865700112054123e-06 74.742288537534336
3.369178924089225e-06 69.53295537173868
3.3530567494862167e-06 60.977607164081412
3.339622756463568e-06 58.938629919503164
3.3252556596627105e-06 54.25088253526706
3.3140229174803058e-06 51.83642064001441
3.3054494949425413e-06 49.427109605301595
3.2981443593522297e-06 47.026755079533203
3.292299158542452e-06 46.507258331003655
3.2863111601443056e-06 44.63286168254637
3.2816570513281524e-06 44.203796333769638
3.2759755308396833e-06 42.435370535128634
3.2719899615569785e-06 42.883455919759975
3.266586394979802e-06 41.117941970751509
3.2628040470039792e-06 42.563039104705631
3.257073657737129e-06 41.160247293507965
3.2536231886020383e-06 42.486436436722926
3.2482020919203773e-06 41.103621181426043
3.2452697336640458e-06 42.232144653208017
3.2399990292591214e-06 40.961642670079321
3.2371590963050153e-06 42.29314148101777
3.232609870397952e-06 40.641623501227699
3.2301046078991357e-06 41.210062288218566
3.2260762604369963e-06 39.64246003886975
3.223522319800613e-06 39.694311678786548
3.2200811677142595e-06 37.577546755508664
3.217839908374103e-06 38.541781794144789
3.214266440192203e-06 37.606891145820576
3.2120927079209137e-06 38.380551061189763
3.208687343462214e-06 36.734418267651563
3.2067789855139777e-06 37.093718589754189
3.2036214726019568e-06 35.606954716047774
3.2016912238172193e-06 35.566768858678536
3.198822482433212e-06 34.297505378180887
3.1971032876110894e-06 34.851285775340578
3.194316485201879e-06 33.80085581545648
3.192585218779949e-06 34.443698572148598
3.189855700461061e-06 33.455660855145474
3.1882565462496928e-06 34.363306683136081
3.1855567452583266e-06 32.933740855230376
3.184041578820337e-06 33.78754317100487
3.1815436309890287e-06 32.591193887407663
3.180119760293576e-06 33.661275823293167
3.177760299117056e-06 32.487670182589341
3.176334274309615e-06 34.011624199613848
3.1738769087161938e-06 33.199666439954115
3.1724970541241075e-06 34.253816860382777
3.170221306922866e-06 33.089774246833642
3.1690019405731918e-06 33.081948242393551
3.1672748785696287e-06 31.87522710849624
3.1660805681860087e-06 32.306771894380255
3.1644238007592656e-06 31.118982015416776
3.1631282427758297e-06 31.753598256835492
3.161429572794803e-06 30.099412566137026
3.160178994976445e-06 30.792198973304298
3.158324499071116e-06 29.504536128687814
3.157201121372482e-06 30.079041462329315
3.1553886916864584e-06 29.188508972887792
3.154359587902735e-06 29.65015101873356
3.152855925063724e-06 28.138771197182248
3.151847689086922e-06 27.962545222432126
3.150471224666477e-06 27.02983273071213
3.149426530529823e-06 28.024577244168363
3.1479801709486236e-06 27.091810591180447
3.1469041949998776e-06 27.835086277144903
3.1455394497276365e-06 26.849973820257357
3.1446176322978845e-06 27.439220941834645
3.143371961342881e-06 26.866496143778427
3.1424863242587583e-06 27.977443817582639
3.1412022474614507e-06 27.321364131149053
3.1402413410075275e-06 28.657029849192796
3.1389466130449102e-06 27.33235154231479
3.138085202104412e-06 28.164896203661343
3.136711627896446e-06 27.048853842946716
3.1358981380986354e-06 27.718136712203929
3.1348013061130314e-06 26.421634589729688
3.134043256382817e-06 26.9157941511011
3.1330123817841876e-06 25.956229831977108
3.1321958804265363e-06 26.352641961157786
3.131092373861483e-06 25.61488963642098
3.13027504040891e-06 26.391660564448895
3.1290877717959573e-06 25.477772223465671
3.128333409793306e-06 26.409566446846075
3.1273360451412566e-06 25.780996244504561
3.1266880098116554e-06 25.722649717995967
3.125690399213904e-06 25.161601131575221
3.1249715751471415e-06 25.847719662399072
3.1240148940385304e-06 23.966383900440352
3.123322389407846e-06 25.379234579582107
3.122213592782561e-06 24.765578596565181
3.121479702209704e-06 25.437305682935005
3.1206625167994805e-06 24.577164563256797
3.1200925734324582e-06 24.480202553856962
3.1193104870316235e-06 23.508407402815067
3.1187065523274705e-06 23.668591433430549
3.1177662027028176e-06 22.507677956978647
3.1170340386945035e-06 22.683785036945871
3.1162545032607417e-06 21.469571508113074
3.1157155591386897e-06 21.909319935900108
3.1149231879766057e-06 20.990841929952623
3.114369646331369e-06 21.886003939234634
3.1134518669429285e-06 20.856427919970784
3.1127827625910973e-06 20.998823227151846
3.1121021393988755e-06 20.136219003359987
3.111612666870459e-06 20.61930981522503
3.1109067311090806e-06 19.810798690353256
3.110356926667475e-06 21.062841223193235
3.1094333727915787e-06 20.258098074246384
3.1088026113516928e-06 20.528069441994493
3.1081127392877948e-06 19.74766394101982
3.1076603235343474e-06 20.207708582913643
3.1069738465243086e-06 19.564579682888329
3.1064715048794317e-06 20.649879128230264
3.105637895004512e-06 19.983511668300679
3.1050756957755342e-06 20.254187613680408
3.1044349308033584e-06 19.719157105628497
3.1040100035866082e-06 20.293972203569659
3.103365742579041e-06 19.181838376037419
3.1028762624422254e-06 19.831242105199028
3.1022082964493177e-06 19.183913630634983
3.1017407053640823e-06 19.904810506126946
3.101095620858276e-06 19.316498233296851
3.1006481294127045e-06 20.483000744827486
3.0999197456594796e-06 19.877036427710713
3.099411734972105e-06 20.280789700349768
3.0986869573464887e-06 19.533519283769877
3.0981953383312645e-06 17.346398355720872
3.0981953382380193e-06 16.242605523062412
3.0981953381450934e-06 15.285515294675154
3.0981953380519545e-06 14.598831429085861
3.0981953379587246e-06 14.03988116603387
3.098195337865511e-06 13.3914292952366
3.098195337772378e-06 12.879369722778673
3.098195337679504e-06 12.443569981255862
3.098195337586093e-06 11.988722560696406
3.0981953374930487e-06 11.659824109668449
3.098195337399911e-06 11.309245793875501
3.0981953373064842e-06 10.81349426908597
3.098195337213584e-06 10.463942176275907
3.0981953371206075e-06 10.128196482071719
3.098195337027255e-06 9.8911730298116343
3.098195336934201e-06 9.6929098255338531
